0 0.31584821428571425 0.5894510582010581 0.29389880952380953 0.2986111111111111
0 0.7490079365079365 0.5276124338624338 0.3526785714285714 0.23247354497354497
0 0.30617559523809523 0.4442791005291005 0.39360119047619047 0.18816137566137564
0 0.5246775793650793 0.40410052910052907 0.08209325396825397 0.17989417989417988
1 0.5863095238095237 0.929563492063492 0.12301587301587301 0.13756613756613756
0 0.640625 0.7781084656084656 0.27678571428571425 0.24603174603174602
0 0.8427579365079365 0.7496693121693121 0.1046626984126984 0.28835978835978837
0 0.9191468253968254 0.8974867724867724 0.1597222222222222 0.2037037037037037
0 0.8297371031746031 0.283068783068783 0.11235119047619047 0.22552910052910052
0 0.9377480158730158 0.49437830687830686 0.1240079365079365 0.1746031746031746
