0 0.47780257936507936 0.8452380952380952 0.12177579365079365 0.30357142857142855
0 0.5549355158730158 0.533068783068783 0.20610119047619047 0.25
0 0.433531746031746 0.20601851851851852 0.2673611111111111 0.17063492063492064
0 0.2631448412698413 0.17923280423280422 0.154265873015873 0.35648148148148145
0 0.12313988095238095 0.4143518518518518 0.1937003968253968 0.27910052910052907
0 0.2062251984126984 0.8024140211640212 0.09449404761904762 0.10416666666666666
1 0.0716765873015873 0.7027116402116401 0.14186507936507936 0.13624338624338622
1 0.08097718253968253 0.47734788359788355 0.15749007936507936 0.21263227513227512
0 0.287078373015873 0.5983796296296297 0.03645833333333333 0.07242063492063491
0 0.20771329365079363 0.6360780423280423 0.09300595238095237 0.06316137566137565
3 0.3386656746031746 0.8245701058201058 0.13169642857142858 0.33498677248677244
