0 0.2979910714285714 0.37152777777777773 0.19766865079365079 0.1789021164021164
0 0.35032242063492064 0.1554232804232804 0.12723214285714285 0.3048941798941799
0 0.5177331349206349 0.38425925925925924 0.2249503968253968 0.3326719576719577
0 0.5412946428571428 0.6349206349206349 0.09846230158730158 0.2777777777777778
0 0.7022569444444444 0.7275132275132274 0.15649801587301587 0.21296296296296297
0 0.8463541666666666 0.4054232804232804 0.22643849206349206 0.3048941798941799
0 0.6842757936507936 0.9016203703703703 0.48363095238095233 0.19345238095238093
0 0.30257936507936506 0.9042658730158729 0.09523809523809523 0.0744047619047619
0 0.3890128968253968 0.9408068783068783 0.054315476190476185 0.07142857142857142
0 0.25496031746031744 0.783234126984127 0.24950396825396823 0.4176587301587301
