2 0.7625248015873015 0.39467592592592593 0.34102182539682535 0.25826719576719576
2 0.4453125 0.34771825396825395 0.16195436507936506 0.267526455026455
4 0.11235119047619047 0.2458664021164021 0.2232142857142857 0.353505291005291
2 0.35218253968253965 0.31035052910052907 0.24404761904761904 0.3812830687830688
1 0.5846974206349206 0.03373015873015873 0.22395833333333331 0.0667989417989418
0 0.5518353174603174 0.742063492063492 0.18601190476190474 0.5125661375661376
1 0.7878224206349206 0.517361111111111 0.2690972222222222 0.14781746031746032
1 0.31200396825396826 0.1832010582010582 0.2405753968253968 0.3657407407407407
2 0.2630208333333333 0.5297619047619048 0.07762896825396826 0.20767195767195767
0 0.13777281746031744 0.8301917989417988 0.1793154761904762 0.2595899470899471
0 0.11507936507936507 0.5762235449735449 0.22569444444444442 0.14583333333333331
