2 0.3472222222222222 0.26603835978835977 0.17212301587301587 0.2080026455026455
2 0.35491071428571425 0.4871031746031746 0.19692460317460317 0.2738095238095238
2 0.5044642857142857 0.5729166666666666 0.12251984126984126 0.29464285714285715
2 0.5026041666666666 0.21064814814814814 0.1029265873015873 0.16335978835978834
1 0.494047619047619 0.09854497354497355 0.21527777777777776 0.18783068783068782
0 0.6295882936507936 0.2726521164021164 0.19618055555555555 0.3125
0 0.7442956349206349 0.31233465608465605 0.26537698412698413 0.394510582010582
2 0.8364335317460317 0.09573412698412698 0.16046626984126983 0.18353174603174602
2 0.6181795634920635 0.6484788359788359 0.16096230158730157 0.30952380952380953
3 0.15178571428571427 0.3849206349206349 0.14732142857142858 0.10780423280423279
0 0.7725694444444444 0.7901785714285714 0.20039682539682538 0.4143518518518518
2 0.9047619047619047 0.6207010582010581 0.1884920634920635 0.5284391534391534
