0 0.39298115079365076 0.5677910052910052 0.10441468253968253 0.09457671957671956
0 0.42075892857142855 0.6820436507936507 0.06721230158730158 0.16104497354497355
0 0.5091765873015873 0.5611772486772486 0.11904761904761904 0.17592592592592593
0 0.5218253968253967 0.42857142857142855 0.05208333333333333 0.1468253968253968
0 0.6068948412698413 0.3794642857142857 0.08283730158730158 0.11276455026455026
0 0.6831597222222222 0.5499338624338624 0.11979166666666666 0.16137566137566137
0 0.5973462301587301 0.2873677248677248 0.25570436507936506 0.1025132275132275
0 0.3954613095238095 0.2858796296296296 0.05034722222222222 0.039351851851851846
0 0.4412202380952381 0.2666997354497354 0.028769841269841268 0.038029100529100524
0 0.3702876984126984 0.3501984126984127 0.13194444444444445 0.22089947089947087
