0 0.10143849206349206 0.5692791005291005 0.05704365079365079 0.28604497354497355
0 0.3318452380952381 0.45436507936507936 0.2881944444444444 0.38690476190476186
0 0.6034226190476191 0.5138888888888888 0.23363095238095236 0.16137566137566137
0 0.8874007936507936 0.4107142857142857 0.07837301587301587 0.3657407407407407
0 0.6789434523809523 0.7835648148148148 0.298859126984127 0.1974206349206349
0 0.45262896825396826 0.8237433862433862 0.1884920634920635 0.2037037037037037
0 0.2183779761904762 0.8369708994708994 0.18576388888888887 0.17724867724867724
2 0.4539930555555555 0.19229497354497355 0.2735615079365079 0.23644179894179893
2 0.14422123015873015 0.33118386243386244 0.140625 0.1822089947089947
0 0.24293154761904762 0.6785714285714285 0.1728670634920635 0.27314814814814814
