2 0.19952876984126983 0.4629629629629629 0.15600198412698413 0.22949735449735448
2 0.36532738095238093 0.4732142857142857 0.20535714285714285 0.26256613756613756
2 0.4296875 0.6726190476190476 0.22098214285714285 0.16335978835978834
2 0.1579861111111111 0.6701388888888888 0.12251984126984126 0.13723544973544974
1 0.07390873015873016 0.6587301587301587 0.14087301587301587 0.28703703703703703
0 0.2044890873015873 0.8394510582010581 0.234375 0.26157407407407407
0 0.23425099206349206 0.9923941798941799 0.2958829365079365 0.35383597883597884
2 0.07180059523809523 1.1152447089947088 0.1376488095238095 0.21395502645502645
2 0.486359126984127 0.8242394179894179 0.23214285714285712 0.2146164021164021
3 0.28869047619047616 0.20238095238095238 0.0808531746031746 0.19642857142857142
0 0.5926339285714285 1.0300925925925926 0.3107638888888889 0.2671957671957672
2 0.4655257936507936 1.2063492063492063 0.39632936507936506 0.2513227513227513
