0 0.30171130952380953 0.09755291005291004 0.0771329365079365 0.1917989417989418
0 0.35032242063492064 0.29480820105820105 0.13020833333333331 0.15773809523809523
0 0.27368551587301587 0.5013227513227513 0.1688988095238095 0.10780423280423279
0 0.16604662698412698 0.5183531746031745 0.0974702380952381 0.22519841269841268
0 0.07762896825396826 0.3698743386243386 0.12251984126984126 0.17625661375661375
0 0.13008432539682538 0.12450396825396824 0.05977182539682539 0.0658068783068783
1 0.04513888888888889 0.1875 0.08978174603174603 0.08597883597883597
1 0.050967261904761904 0.330026455026455 0.09945436507936507 0.13425925925925924
0 0.18117559523809523 0.2534722222222222 0.02306547619047619 0.04596560846560846
0 0.1310763888888889 0.2296626984126984 0.058779761904761904 0.040013227513227514
3 0.21378968253968253 0.11061507936507936 0.08333333333333333 0.2113095238095238
