0 0.11607142857142856 0.6962632275132274 0.22767857142857142 0.16236772486772486
0 0.3501984126984127 0.5934193121693121 0.1875 0.27480158730158727
0 0.595486111111111 0.7552910052910052 0.12797619047619047 0.35648148148148145
0 0.6155753968253967 0.9824735449735449 0.2673611111111111 0.20568783068783067
0 0.4392361111111111 1.1691468253968254 0.2093253968253968 0.25826719576719576
0 0.14818948412698413 1.058366402116402 0.078125 0.1259920634920635
1 0.22296626984126983 1.2377645502645502 0.10218253968253968 0.18915343915343913
1 0.39198908730158727 1.2253637566137565 0.15947420634920634 0.20998677248677247
0 0.30121527777777773 0.9505621693121693 0.054315476190476185 0.048611111111111105
0 0.27294146825396826 1.0563822751322751 0.047371031746031744 0.1240079365079365
3 0.13157242063492064 0.8817791005291005 0.25124007936507936 0.17559523809523808
