2 0.4212549603174603 0.3343253968253968 0.18824404761904762 0.14285714285714285
2 0.24590773809523808 0.3602843915343915 0.08953373015873016 0.14781746031746032
4 0.06187996031746031 0.41650132275132273 0.12326388888888888 0.19543650793650794
2 0.19444444444444442 0.38078703703703703 0.1349206349206349 0.21064814814814814
1 0.3230406746031746 0.5338955026455026 0.12375992063492063 0.03736772486772487
0 0.3048115079365079 0.1423611111111111 0.10267857142857142 0.2833994708994709
1 0.4352678571428571 0.2663690476190476 0.1488095238095238 0.08167989417989417
1 0.17237103174603174 0.45138888888888884 0.13293650793650794 0.20238095238095238
2 0.14521329365079363 0.259755291005291 0.04290674603174603 0.11474867724867724
0 0.07601686507936507 0.09358465608465608 0.09895833333333333 0.14351851851851852
0 0.06336805555555555 0.2339616402116402 0.12475198412698411 0.08035714285714285
