0 0.026661706349206348 0.4464285714285714 0.05133928571428571 0.2566137566137566
0 0.23338293650793648 0.34325396825396826 0.25843253968253965 0.3472222222222222
0 0.47705853174603174 0.3966600529100529 0.20957341269841268 0.144510582010582
0 0.7320188492063492 0.3042328042328042 0.07018849206349206 0.328042328042328
0 0.544890873015873 0.638558201058201 0.26785714285714285 0.17724867724867724
0 0.341765873015873 0.6747685185185185 0.16914682539682538 0.18287037037037035
0 0.1314484126984127 0.6866732804232804 0.16666666666666666 0.15906084656084654
2 0.3430059523809524 0.10796957671957672 0.24553571428571427 0.21197089947089945
2 0.06510416666666666 0.2328042328042328 0.12624007936507936 0.16335978835978834
0 0.15364583333333331 0.5444775132275131 0.15500992063492064 0.24503968253968253
