2 0.2664930555555555 0.5636574074074073 0.13219246031746032 0.1597222222222222
2 0.2725694444444444 0.39384920634920634 0.15128968253968253 0.2103174603174603
2 0.3874007936507936 0.32787698412698413 0.09424603174603174 0.226521164021164
2 0.3859126984126984 0.6061507936507936 0.07886904761904762 0.12566137566137564
1 0.37934027777777773 0.6922949735449735 0.1654265873015873 0.144510582010582
0 0.4835069444444444 0.558531746031746 0.1505456349206349 0.24007936507936506
0 0.5716765873015873 0.5281084656084656 0.20386904761904762 0.3029100529100529
2 0.6422371031746031 0.6944444444444444 0.12326388888888888 0.14087301587301587
2 0.47470238095238093 0.2700066137566137 0.12351190476190475 0.23776455026455026
3 0.11644345238095237 0.4723875661375661 0.11334325396825397 0.0830026455026455
0 0.5932539682539683 0.16104497354497355 0.15376984126984125 0.3181216931216931
2 0.6948164682539683 0.2911706349206349 0.14459325396825395 0.40575396825396826
