0 0.6841517857142857 0.4105489417989418 0.29389880952380953 0.2986111111111111
0 0.2509920634920635 0.4723875661375661 0.3526785714285714 0.23247354497354497
0 0.6938244047619048 0.5557208994708994 0.39360119047619047 0.18816137566137564
0 0.4753224206349206 0.5958994708994708 0.08209325396825397 0.17989417989417988
1 0.41369047619047616 0.07043650793650794 0.12301587301587301 0.13756613756613756
0 0.359375 0.2218915343915344 0.27678571428571425 0.24603174603174602
0 0.1572420634920635 0.2503306878306878 0.1046626984126984 0.28835978835978837
0 0.0808531746031746 0.1025132275132275 0.1597222222222222 0.2037037037037037
0 0.1702628968253968 0.7169312169312169 0.11235119047619047 0.22552910052910052
0 0.06225198412698412 0.5056216931216931 0.1240079365079365 0.1746031746031746
