0 0.15823412698412698 0.33382936507936506 0.10515873015873015 0.0949074074074074
0 0.18601190476190474 0.4487433862433862 0.06746031746031746 0.16203703703703703
0 0.27492559523809523 0.32705026455026454 0.11929563492063491 0.17658730158730157
0 0.2874503968253968 0.19378306878306878 0.05208333333333333 0.14748677248677247
0 0.37289186507936506 0.14467592592592593 0.08308531746031746 0.11342592592592592
0 0.4495287698412698 0.3158068783068783 0.1202876984126984 0.16203703703703703
0 0.36334325396825395 0.05208333333333333 0.2569444444444444 0.10284391534391533
0 0.1607142857142857 0.050760582010582006 0.050595238095238096 0.039351851851851846
0 0.2065972222222222 0.03125 0.028769841269841268 0.038029100529100524
0 0.13529265873015872 0.11491402116402116 0.13268849206349206 0.2218915343915344
