2 0.744171626984127 0.5978835978835979 0.31721230158730157 0.24007936507936506
2 0.4490327380952381 0.6415343915343915 0.1505456349206349 0.24867724867724866
4 0.1392609126984127 0.736276455026455 0.2075892857142857 0.3290343915343915
2 0.36235119047619047 0.6762566137566137 0.22718253968253968 0.3544973544973545
1 0.5786210317460317 0.9336970899470899 0.20833333333333331 0.0625
0 0.5481150793650793 0.2746362433862434 0.17311507936507936 0.47718253968253965
1 0.767609126984127 0.4837962962962963 0.25049603174603174 0.13756613756613756
1 0.32502480158730157 0.7946428571428571 0.22395833333333331 0.3406084656084656
2 0.27938988095238093 0.4722222222222222 0.07217261904761904 0.1931216931216931
0 0.16282242063492064 0.19262566137566137 0.16691468253968253 0.24173280423280422
0 0.14174107142857142 0.4289021164021164 0.21006944444444442 0.13558201058201058
