2 0.4539930555555555 0.31663359788359785 0.1937003968253968 0.45469576719576715
2 0.4892113095238095 0.7395833333333333 0.20064484126984125 0.21593915343915343
4 0.5656001984126984 1.183531746031746 0.26512896825396826 0.2976190476190476
2 0.5172371031746031 0.8637566137566137 0.28596230158730157 0.32539682539682535
1 0.7248263888888888 0.5537367724867724 0.05034722222222222 0.2986111111111111
0 0.19345238095238093 0.59755291005291 0.38442460317460314 0.248015873015873
1 0.36197916666666663 0.28290343915343913 0.11086309523809523 0.3587962962962963
1 0.6127232142857143 0.9173280423280423 0.2745535714285714 0.32076719576719576
2 0.3526785714285714 0.9826388888888888 0.15575396825396826 0.103505291005291
0 0.12735615079365079 1.1496362433862433 0.19469246031746032 0.23908730158730157
0 0.3178323412698413 1.1798941798941798 0.109375 0.30092592592592593
