0 0.24590773809523808 0.5186838624338624 0.16344246031746032 0.14781746031746032
0 0.2891865079365079 0.6972552910052909 0.10515873015873015 0.25165343915343913
0 0.4273313492063492 0.5082671957671957 0.185515873015873 0.2744708994708995
0 0.44680059523809523 0.3012566137566137 0.08110119047619047 0.22949735449735448
0 0.5797371031746031 0.22486772486772486 0.12921626984126983 0.17592592592592593
0 0.6986607142857143 0.4907407407407407 0.18700396825396826 0.251984126984127
0 0.5647321428571428 0.08118386243386243 0.3993055555555555 0.1597222222222222
0 0.24962797619047616 0.07886904761904762 0.07862103174603174 0.06117724867724868
0 0.3210565476190476 0.048611111111111105 0.044890873015873016 0.05886243386243386
0 0.21044146825396826 0.17873677248677247 0.20610119047619047 0.3449074074074074
