2 0.3472222222222222 0.7339616402116401 0.17212301587301587 0.2080026455026455
2 0.35491071428571425 0.5128968253968254 0.19692460317460317 0.2738095238095238
2 0.5044642857142857 0.4270833333333333 0.12251984126984126 0.29464285714285715
2 0.5026041666666666 0.7893518518518519 0.1029265873015873 0.16335978835978834
1 0.494047619047619 0.9014550264550264 0.21527777777777776 0.18783068783068782
0 0.6295882936507936 0.7273478835978836 0.19618055555555555 0.3125
0 0.7442956349206349 0.6876653439153438 0.26537698412698413 0.394510582010582
2 0.8364335317460317 0.9042658730158729 0.16046626984126983 0.18353174603174602
2 0.6181795634920635 0.351521164021164 0.16096230158730157 0.30952380952380953
3 0.15178571428571427 0.615079365079365 0.14732142857142858 0.10780423280423279
0 0.7725694444444444 0.20982142857142855 0.20039682539682538 0.4143518518518518
2 0.9047619047619047 0.3792989417989418 0.1884920634920635 0.5284391534391534
