0 0.20610119047619047 0.5509259259259259 0.04216269841269841 0.21097883597883596
0 0.3759920634920635 0.4661044973544973 0.2123015873015873 0.28538359788359785
0 0.576140873015873 0.5100859788359788 0.17212301587301587 0.1187169312169312
0 0.7855902777777777 0.4341931216931217 0.05778769841269841 0.2698412698412698
0 0.6319444444444444 0.708994708994709 0.22023809523809523 0.1455026455026455
0 0.46502976190476186 0.7387566137566137 0.1388888888888889 0.15013227513227512
0 0.29228670634920634 0.7485119047619048 0.13715277777777776 0.1306216931216931
2 0.46602182539682535 0.27298280423280424 0.2018849206349206 0.17427248677248677
2 0.23759920634920634 0.3753306878306878 0.10367063492063491 0.13425925925925924
0 0.31039186507936506 0.6316137566137566 0.12723214285714285 0.20105820105820105
